1.510100173587281915e+02 -1.000000000000000000e+02
1.504342454337198660e+02 -9.900000000000000000e+01
1.498508070689904912e+02 -9.800000000000000000e+01
1.492596247383414720e+02 -9.700000000000000000e+01
1.486606188166259983e+02 -9.600000000000000000e+01
1.480537075075882854e+02 -9.500000000000000000e+01
1.474388067683298686e+02 -9.400000000000000000e+01
1.468158302302098264e+02 -9.300000000000000000e+01
1.461846891159726738e+02 -9.200000000000000000e+01
1.455452921528828938e+02 -9.100000000000000000e+01
1.448975454816303738e+02 -9.000000000000000000e+01
1.442413525607536542e+02 -8.900000000000000000e+01
1.435766140663090482e+02 -8.800000000000000000e+01
1.429032277864961600e+02 -8.700000000000001421e+01
1.422210885109261085e+02 -8.600000000000000000e+01
1.415300879141984751e+02 -8.500000000000000000e+01
1.408301144334253081e+02 -8.400000000000000000e+01
1.401210531393142276e+02 -8.300000000000000000e+01
1.394027856003937700e+02 -8.200000000000000000e+01
1.386751897399291238e+02 -8.100000000000000000e+01
1.379381396850435522e+02 -8.000000000000000000e+01
1.371915056075201278e+02 -7.900000000000000000e+01
1.364351535557170223e+02 -7.800000000000000000e+01
1.356689452769829529e+02 -7.700000000000000000e+01
1.348927380299082301e+02 -7.600000000000000000e+01
1.341063843856916833e+02 -7.500000000000000000e+01
1.333097320178424923e+02 -7.400000000000000000e+01
1.325026234793676565e+02 -7.300000000000000000e+01
1.316848959665231291e+02 -7.200000000000001421e+01
1.308563810681241648e+02 -7.100000000000001421e+01
1.300169044993203897e+02 -7.000000000000000000e+01
1.291662858186411995e+02 -6.900000000000000000e+01
1.283043381270081227e+02 -6.800000000000000000e+01
1.274308677472867544e+02 -6.700000000000000000e+01
1.265456738828166579e+02 -6.600000000000000000e+01
1.256485482532067408e+02 -6.500000000000000000e+01
1.247392747055153848e+02 -6.400000000000000000e+01
1.238176287987482311e+02 -6.300000000000000000e+01
1.228833773593975707e+02 -6.200000000000000000e+01
1.219362780055136852e+02 -6.100000000000000000e+01
1.209760786365369540e+02 -6.000000000000000000e+01
1.200025168858260258e+02 -5.900000000000000711e+01
1.190153195324874673e+02 -5.800000000000000000e+01
1.180142018687394909e+02 -5.700000000000000000e+01
1.169988670186241961e+02 -5.600000000000000000e+01
1.159690052034062262e+02 -5.500000000000000000e+01
1.149242929484597653e+02 -5.400000000000000000e+01
1.138643922258328445e+02 -5.300000000000000000e+01
1.127889495259845205e+02 -5.200000000000000711e+01
1.116975948513957206e+02 -5.100000000000000711e+01
1.105899406238480367e+02 -5.000000000000000000e+01
1.094655804961250993e+02 -4.900000000000000000e+01
1.083240880576954055e+02 -4.800000000000000000e+01
1.071650154225593781e+02 -4.700000000000000000e+01
1.059878916858512241e+02 -4.600000000000000000e+01
1.047922212339430814e+02 -4.500000000000000000e+01
1.035774818906560029e+02 -4.400000000000000000e+01
1.023431228796837615e+02 -4.300000000000000000e+01
1.010885625804136936e+02 -4.200000000000000000e+01
9.981318605090092433e+01 -4.100000000000000000e+01
9.851634228771199275e+01 -4.000000000000000000e+01
9.719734118758381669e+01 -3.900000000000000000e+01
9.585545017017889791e+01 -3.800000000000000000e+01
9.448989041447241277e+01 -3.700000000000000000e+01
9.309983265323550938e+01 -3.600000000000000711e+01
9.168439246038147417e+01 -3.500000000000000000e+01
9.024262495423407415e+01 -3.400000000000000000e+01
8.877351882557466922e+01 -3.300000000000000000e+01
8.727598958200728418e+01 -3.200000000000000000e+01
8.574887187894815099e+01 -3.100000000000000000e+01
8.419091078136713691e+01 -3.000000000000000000e+01
8.260075176793026230e+01 -2.900000000000000000e+01
8.097692924864317376e+01 -2.800000000000000000e+01
7.931785331611987999e+01 -2.700000000000000000e+01
7.762179438605382131e+01 -2.600000000000000355e+01
7.588686530009920261e+01 -2.500000000000000000e+01
7.411100035838906308e+01 -2.400000000000000000e+01
7.229193061133781839e+01 -2.300000000000000000e+01
7.042715456008276931e+01 -2.200000000000000000e+01
6.851390317621438442e+01 -2.100000000000000000e+01
6.654909783190863948e+01 -2.000000000000000000e+01
6.452929929869530667e+01 -1.900000000000000000e+01
6.245064537901546942e+01 -1.800000000000000355e+01
6.030877390781419223e+01 -1.700000000000000000e+01
5.809872669248018440e+01 -1.600000000000000000e+01
5.581482827868494212e+01 -1.500000000000000000e+01
5.345053096714328689e+01 -1.400000000000000000e+01
5.099821382231048972e+01 -1.300000000000000178e+01
4.844891777259989851e+01 -1.200000000000000000e+01
4.579199003303602922e+01 -1.100000000000000000e+01
4.301459671778145832e+01 -1.000000000000000000e+01
4.010103844066460255e+01 -9.000000000000001776e+00
3.703176174591209247e+01 -8.000000000000000000e+00
3.378188261895633815e+01 -7.000000000000000000e+00
3.031889060752307330e+01 -6.000000000000000000e+00
2.659889757128191690e+01 -5.000000000000000000e+00
2.256011329805865273e+01 -4.000000000000000000e+00
1.811053349985501626e+01 -3.000000000000000000e+00
1.310196155750593050e+01 -2.000000000000000000e+00
7.265415150041988568e+00 -1.000000000000000000e+00
0.000000000000000000e+00 -0.000000000000000000e+00
